swipe → word [word:2.04 weird:2.09 wood:2.40] start=w prev=sword n=32 58,82;97,84;127,84;166,81;213,76;267,72;317,72;342,75;345,79;347,80;351,81;344,81;330,81;310,81;283,80;255,79;228,79;204,79;183,80;169,82;162,84;159,86;157,88;155,90;153,93;151,100;150,111;148,121;147,129;147,133;147,136;147,136
swipe → sword [sword:2.06 stepped:2.44 said:2.51] start=s prev=next n=47 81,134;110,128;119,121;122,115;114,112;103,107;89,98;75,87;65,78;62,74;68,75;81,77;100,78;129,78;166,76;208,74;256,70;304,70;336,71;347,77;352,78;359,79;365,80;371,82;376,85;378,88;375,90;362,90;340,86;312,77;280,70;240,63;195,61;158,62;135,65;121,68;114,69;111,71;110,73;112,78;119,92;124,108;128,122;131,131;133,136;135,138;136,139
swipe → next [next:2.52 needy:2.60 necessary:3.12] start=n prev=the n=27 307,182;277,166;253,151;223,134;193,121;167,111;146,102;131,93;122,86;125,89;130,108;139,138;151,164;166,184;178,193;184,195;186,195;187,191;185,183;179,166;174,148;173,134;174,121;184,105;208,83;237,68;237,68
swipe → the [the:1.13 three:1.98 thee:2.16] start=t prev=asking n=20 197,72;231,100;244,111;256,123;262,131;263,134;258,135;251,136;238,135;219,128;200,120;185,113;172,109;159,106;144,103;127,99;115,97;111,97;111,99;111,99
swipe → asking [asking:1.77 adding:1.82 aging:1.90] start=a prev=upon n=31 42,132;67,138;81,138;96,134;115,129;136,125;159,124;182,124;204,123;228,117;259,108;295,97;325,87;336,81;336,75;336,65;336,61;336,70;335,88;329,115;320,146;310,170;306,179;304,179;296,177;278,169;247,154;217,134;206,127;211,129;212,129
swipe → the [the:2.23 three:3.25 thee:3.31] start=y prev=upon n=18 222,80;229,101;240,109;253,116;267,121;277,124;280,127;272,129;263,130;247,130;221,127;188,120;159,114;134,105;113,97;103,92;107,97;107,97
swipe → upon [upon:3.41 union:3.99 ub:4.19] start=u prev=odd n=25 266,75;321,84;351,85;365,85;371,85;375,85;380,85;383,85;385,85;379,84;365,77;352,70;341,63;335,59;333,58;332,71;325,98;314,129;305,149;300,158;295,164;289,171;279,181;277,183;277,183
swipe → odd [odd:1.89 of:1.93 od:2.09] start=o prev=instead n=17 383,77;363,79;352,81;337,84;318,89;295,93;268,98;242,103;217,109;193,115;171,122;153,128;143,133;139,136;139,139;139,141;139,141
swipe → instead [instead:3.55 insider:3.79 insist:4.00] start=i prev=insurance n=48 321,86;318,131;309,159;298,182;290,192;284,193;277,193;263,193;240,187;207,176;169,163;136,151;110,139;95,132;89,131;93,129;100,123;116,113;145,100;185,83;219,70;232,67;224,68;213,68;192,66;161,61;135,59;119,59;112,62;108,65;103,69;96,75;86,84;75,94;65,105;56,114;51,119;50,121;53,122;59,122;69,122;83,122;100,122;116,121;133,118;151,113;168,107;168,107
swipe → insurance [insurance:3.32 inheritance:3.39 investigative:3.45] start=i prev=weird n=89 341,61;334,88;338,113;343,135;346,150;350,157;351,160;344,160;336,161;329,162;323,163;318,163;313,163;303,163;283,157;249,140;212,119;178,99;153,83;137,75;130,73;128,73;130,81;134,95;137,113;141,127;146,133;151,133;155,133;163,131;177,128;204,119;247,104;297,92;330,86;332,85;329,83;328,82;324,82;320,82;312,84;297,87;267,89;217,89;154,94;108,105;87,112;73,115;61,115;53,115;65,117;88,119;118,119;148,116;176,112;206,106;237,96;258,86;262,82;267,81;284,86;310,94;337,99;353,100;358,102;362,106;365,108;365,111;359,111;344,111;329,111;317,110;306,108;294,106;277,102;247,92;208,80;185,77;177,77;172,77;165,77;155,77;142,77;131,77;124,78;120,79;119,81;119,84;119,86
swipe → weird [weird:2.35 word:2.40 wood:2.76] start=w prev=swiped n=31 53,77;109,86;144,87;189,86;242,78;297,75;324,75;329,77;335,80;343,80;347,80;349,79;340,78;328,78;308,76;283,67;258,57;237,50;219,47;207,47;199,48;192,51;186,52;179,54;172,59;163,68;154,82;144,98;138,110;136,115;135,116
swipe → swiped [swiped:2.70 sword:2.72 stored:2.78] start=s prev=each n=45 95,130;80,115;69,101;59,89;55,81;63,80;82,80;116,79;159,77;206,76;254,76;298,76;322,80;326,80;328,80;336,80;347,80;359,80;370,83;380,85;388,85;391,84;391,76;390,71;387,70;383,70;377,70;367,73;352,76;332,77;306,77;275,75;238,72;194,69;156,68;129,66;112,66;106,66;107,73;115,92;127,117;136,135;142,143;145,145;145,145
swipe → each [each:2.13 earth:3.57 eg:3.64] start=e prev=after n=29 121,75;103,88;96,95;88,102;78,111;67,121;57,129;50,135;47,136;53,138;64,142;80,147;101,153;120,161;134,170;140,179;143,185;146,187;149,187;153,187;158,186;164,182;172,175;182,168;192,160;206,148;224,134;239,127;239,127
swipe → after [after:1.88 at:2.78 ar:2.90] start=a prev=storage n=36 40,130;69,136;88,136;109,135;130,131;149,128;164,125;173,122;175,117;175,111;175,104;176,97;178,92;179,88;179,86;174,85;170,85;166,88;161,91;153,96;142,100;128,103;113,103;98,101;89,97;88,94;90,92;100,91;115,90;129,90;140,90;147,90;154,90;163,89;166,89;166,89
swipe → storage [storage:2.89 space:2.99 software:3.03] start=s prev=a n=38 82,132;108,130;131,130;161,128;194,124;231,117;280,107;331,100;357,100;359,100;362,100;366,100;362,99;350,99;325,101;285,102;225,103;156,111;112,121;84,124;66,127;57,132;53,135;52,138;61,142;86,151;115,162;140,175;162,188;177,196;184,198;182,195;176,187;163,169;135,138;112,115;105,109;105,108
swipe → adds [adds:1.87 ads:1.89 as:1.97] start=a prev=it n=15 51,124;77,132;93,132;112,131;129,130;142,128;148,128;143,130;134,130;120,130;105,130;95,131;88,133;85,134;84,135
swipe → it [it:1.27 ir:2.42 if:3.07] start=i prev=sure n=12 331,73;305,78;292,78;271,78;248,78;227,77;208,77;194,77;186,77;182,80;177,84;177,84
swipe → sure [sure:1.10 sue:1.81 site:1.83] start=s prev=make n=27 81,138;111,128;133,121;162,112;197,101;236,92;272,89;287,89;289,89;292,86;287,85;276,84;256,76;230,68;209,65;193,65;180,68;167,72;153,74;139,74;126,74;115,74;108,74;105,75;103,77;101,79;100,80
swipe → make [make:2.18 maybe:3.12 maggie:3.26] start=m prev=please n=42 363,168;329,176;312,171;281,160;233,141;180,130;136,124;105,122;86,122;72,122;60,122;51,122;45,122;43,122;48,120;66,120;99,120;140,120;180,122;216,125;254,127;294,129;331,130;351,131;345,131;343,130;340,129;337,129;330,129;319,129;299,124;267,115;229,101;188,90;156,84;134,77;118,72;105,69;97,69;92,71;91,73;91,73
swipe → please [please:2.24 phrase:2.93 phase:2.98] start=p prev=lets n=44 404,69;392,111;382,134;375,147;371,151;367,151;359,151;346,147;323,136;299,123;282,116;272,114;262,112;249,109;225,101;189,87;159,77;144,73;136,73;128,73;120,77;111,84;101,91;90,99;81,107;75,113;72,118;71,120;67,120;64,120;61,121;59,123;62,125;67,125;74,123;82,115;89,107;94,99;99,90;105,83;111,78;120,73;122,71;122,71
swipe → let's [let's:2.69 letters:2.91 lets:3.09] start=l prev=ago n=30 379,120;358,118;344,116;320,110;280,98;234,82;193,75;166,75;151,75;139,76;130,76;125,76;133,76;147,73;172,70;202,66;224,64;227,64;224,67;217,71;206,78;186,88;158,103;128,117;104,127;89,132;83,136;83,142;83,148;83,148
swipe → ago [ago:2.47 so:2.95 ask:3.06] start=a prev=<s> n=15 62,145;91,138;119,134;154,130;197,123;243,115;286,110;313,110;322,110;330,109;341,107;351,104;362,101;365,100;365,100
swipe → merchant [merchant:2.95 manually:3.60 microsoft:3.79] start=m prev=- n=62 363,192;321,187;294,177;249,159;193,139;146,132;116,130;97,130;84,130;73,128;66,126;71,126;91,132;124,140;162,149;200,160;235,172;264,184;283,190;297,191;308,190;310,183;309,171;302,156;297,141;296,132;296,127;296,122;292,113;276,98;250,83;225,81;199,88;172,102;145,117;118,131;94,139;77,140;69,140;72,140;83,140;102,141;127,141;155,141;186,140;223,140;267,140;311,140;342,141;349,144;346,146;340,146;329,142;310,131;283,115;256,100;236,89;223,82;215,77;208,73;206,72;206,72
swipe → manufacturer [manufacturer:2.91 merchant:3.27 manager:3.85] start=m prev=- n=58 354,186;324,187;291,177;238,163;184,156;143,152;106,146;74,142;56,141;53,141;57,144;76,151;113,157;158,162;202,173;240,188;265,200;278,207;282,208;283,200;283,184;280,154;276,122;275,106;275,100;274,96;265,92;244,85;209,84;169,92;135,106;104,119;78,127;58,132;54,135;58,136;69,138;91,138;124,138;160,137;200,138;242,147;283,154;318,157;344,157;353,157;354,154;353,150;349,146;342,142;330,138;309,128;269,107;224,88;191,85;178,93;173,99;173,99
swipe → tired [tired:2.98 tied:3.11 tried:3.16] start=t prev=i n=31 193,89;251,84;291,82;333,82;357,82;361,85;366,89;372,93;376,95;372,96;358,93;334,82;307,76;283,75;259,75;233,76;203,79;171,83;145,84;130,84;124,84;121,84;119,86;119,88;119,92;120,103;130,123;140,138;148,147;155,151;156,151
swipe → web [web:2.95 webb:3.59 wav:4.21] start=w prev=weird n=31 62,81;90,97;112,101;140,105;171,109;197,117;208,125;210,131;210,133;206,134;203,134;197,133;183,123;158,105;131,89;113,82;108,82;105,82;103,83;102,86;104,90;118,101;143,120;173,140;196,158;212,170;221,178;228,183;235,186;242,186;242,186
swipe → weird [weird:2.64 word:2.80 words:2.81] start=w prev=that n=38 51,92;99,89;130,89;165,89;201,89;241,86;286,81;325,79;341,79;343,81;336,82;330,82;323,82;315,82;305,82;291,82;271,81;244,76;213,71;188,69;176,69;172,69;171,71;168,73;166,75;162,77;157,81;150,86;144,93;138,99;133,104;129,110;124,117;119,123;115,130;110,136;107,140;107,140
swipe → that [that:2.52 they:2.53 thursday:3.40] start=t prev=after n=26 204,62;222,95;232,110;242,125;249,138;251,145;246,146;234,148;215,149;189,149;155,147;117,140;84,134;70,132;66,132;67,129;78,124;98,119;120,112;140,107;159,105;180,104;202,103;228,100;236,98;236,98
swipe → after [after:2.58 at:2.77 arrest:3.16] start=a prev=storage n=34 31,129;65,127;88,126;110,122;130,120;148,120;163,120;176,121;186,121;193,117;199,103;206,88;213,78;221,73;224,73;217,74;205,77;183,80;156,83;133,85;116,86;107,87;104,87;106,88;111,88;118,88;129,86;143,86;155,86;164,86;172,86;181,89;183,89;183,89
swipe → storage [storage:2.63 surface:2.75 software:2.91] start=s prev=a n=39 81,121;138,114;178,108;221,101;273,95;319,92;339,93;342,93;344,94;340,94;330,94;309,95;275,99;235,104;194,108;157,112;127,112;100,112;78,111;61,109;58,109;61,109;65,112;77,121;102,133;132,147;156,162;172,175;181,185;186,189;184,190;178,182;166,165;147,135;133,109;127,96;126,89;125,86;124,85
swipe → af [af:2.13 aff:2.24 add:2.56] start=a prev=didnt n=11 31,134;46,134;59,134;76,134;97,134;120,131;139,130;153,130;160,130;164,133;164,134
swipe → didn't [didn't:2.36 direct:2.82 different:2.85] start=d prev=ie n=35 133,134;159,130;183,124;211,113;251,99;295,87;315,85;310,88;302,88;283,89;242,85;193,86;158,95;139,104;130,109;127,112;126,114;132,117;150,123;178,130;211,141;239,155;252,167;253,173;253,175;250,175;246,169;241,158;229,138;213,114;200,95;190,79;186,67;186,61;186,60
swipe → ie [ie:2.51 ir:2.61 ieee:2.67] start=i prev=like n=11 318,79;290,80;275,80;251,80;220,79;184,79;154,79;138,79;137,81;137,88;137,88
swipe → like [like:2.17 luke:2.72 life:2.87] start=l prev=la n=27 393,130;370,121;349,108;320,84;297,67;293,65;299,68;311,80;328,98;339,113;340,124;340,129;337,131;335,131;331,131;322,131;302,127;267,115;228,103;189,95;152,89;119,85;97,85;90,87;89,93;89,99;89,99
swipe → la [la:2.14 lola:2.19 lisa:2.21] start=l prev=<s> n=28 405,140;386,116;372,92;363,77;360,73;358,77;356,88;353,102;350,112;348,119;346,122;342,122;335,122;324,121;311,118;297,117;284,117;270,117;250,118;209,121;156,127;130,131;116,134;99,136;79,136;60,136;49,136;48,136
swipe → certain [certain:2.92 carson:3.23 creation:3.38] start=c prev=at n=48 185,186;174,164;162,153;142,132;117,109;103,96;97,91;95,90;93,90;96,87;106,85;130,84;163,87;193,95;214,100;220,103;218,106;210,109;195,116;165,124;133,128;114,131;110,132;114,133;119,131;129,126;148,119;175,110;205,101;240,93;272,87;288,85;295,84;306,84;323,84;339,84;348,84;351,84;351,87;350,96;340,113;323,142;307,169;300,182;298,187;296,191;291,193;291,193
swipe → at [at:2.07 art:2.47 att:2.96] start=a prev=trading n=11 36,113;63,107;81,102;102,96;123,91;143,87;160,84;178,82;198,81;217,79;217,79
swipe → trading [trading:2.93 testing:2.98 texting:3.00] start=t prev=site n=51 215,68;190,76;178,79;166,83;150,84;125,84;100,82;88,81;86,80;87,88;88,101;93,122;102,143;113,159;123,167;131,168;137,166;143,156;150,142;154,125;158,109;162,97;165,88;170,84;177,82;191,80;213,78;243,73;276,68;299,66;306,67;309,70;311,73;313,76;313,79;313,88;313,112;302,142;291,161;284,169;279,172;274,174;268,174;260,174;248,166;234,153;222,141;216,133;214,130;208,127;208,127
swipe → site [site:2.59 swore:2.61 sweetie:2.74] start=s prev=test n=43 103,131;87,128;80,123;70,114;61,105;56,97;54,92;54,90;58,88;73,84;105,78;145,74;182,73;216,73;249,74;282,76;312,78;334,80;346,82;355,84;364,87;371,90;375,92;365,91;349,81;334,74;319,70;301,69;279,69;249,68;205,65;156,65;131,66;123,68;117,68;111,68;107,68;104,68;100,68;97,72;94,79;94,83;94,83
swipe → test [test:1.52 treat:1.92 text:2.37] start=t prev=lets n=27 202,77;172,79;152,82;130,87;109,94;93,103;82,111;76,117;74,121;73,124;72,127;71,129;74,130;78,130;85,128;96,124;111,118;126,111;139,103;151,97;162,92;172,89;182,88;191,88;200,88;202,88;202,88
swipe → let's [let's:1.66 lets:2.05 legs:2.13] start=l prev=oahu n=31 390,131;354,135;329,136;296,136;251,130;205,125;165,123;139,119;126,114;118,109;113,105;110,103;110,100;116,96;134,90;159,82;184,77;202,76;206,76;199,83;191,88;179,95;162,101;141,108;122,115;108,121;98,127;91,131;87,135;85,139;85,140
swipe → oahu [oahu:2.98 okay:3.12 obey:4.58] start=o prev=<s> n=35 375,70;363,92;358,101;352,109;347,118;343,127;340,135;338,139;336,142;331,143;325,143;315,143;299,143;270,142;229,136;182,132;146,127;122,124;105,123;89,123;75,124;62,127;53,131;48,133;45,134;47,128;58,120;85,109;123,100;162,96;198,94;232,93;268,90;295,88;295,88
