swipe → yeah [yeah:1.20 utah:2.87 trash:3.06] start=y prev=closet n=25 245,87;233,80;218,77;198,72;175,69;155,69;138,72;123,82;109,93;97,103;86,111;77,117;69,122;66,124;73,129;86,132;107,136;133,139;158,143;182,146;205,148;232,148;263,143;277,139;277,139
swipe → closet [closet:2.19 closest:2.22 cost:2.27] start=c prev=getting n=46 182,182;208,179;232,180;266,175;306,163;339,154;348,153;351,153;356,150;363,141;368,128;370,116;372,107;373,102;370,99;363,94;355,93;343,93;329,99;315,104;299,106;273,106;234,100;192,99;164,107;147,117;134,124;123,130;113,134;104,138;97,139;94,139;93,137;93,132;97,124;101,114;108,101;115,88;124,77;134,70;149,65;168,59;189,52;212,44;221,41;221,41
swipe → getting [getting:1.22 greeting:1.56 geoff:2.34] start=g prev=its n=48 231,133;212,131;201,129;183,125;162,119;140,110;121,101;108,93;105,89;110,89;117,88;129,87;144,84;163,81;184,81;204,82;224,87;246,91;271,91;292,85;305,77;311,70;314,67;320,67;327,67;335,70;340,72;341,75;341,78;337,87;326,104;314,131;303,161;295,183;293,190;293,192;290,192;279,188;263,174;251,162;245,154;240,147;236,140;229,133;223,128;218,126;214,126;214,126
swipe → its [its:1.12 ours:1.13 it's:1.14] start=i prev=like n=20 348,84;323,84;308,80;288,74;265,66;246,61;235,60;225,60;214,63;199,69;182,77;163,85;145,93;130,102;119,111;112,119;106,125;102,132;100,136;100,136
swipe → like [like:0.32 life:1.79 lie:1.81] start=l prev=looks n=28 401,141;370,114;350,96;330,80;318,73;313,71;313,74;317,81;326,94;335,108;342,120;346,128;348,132;344,132;331,129;312,121;290,113;273,110;257,109;239,107;217,104;190,99;163,92;138,85;120,79;112,77;113,81;113,81
swipe → looks [looks:1.65 loss:1.69 low:1.69] start=l prev=<s> n=30 399,131;390,111;382,94;373,74;366,60;365,56;365,59;365,66;365,79;364,97;362,112;360,122;359,127;357,126;355,126;349,126;335,125;311,117;279,106;245,98;219,97;199,99;182,104;162,108;138,110;112,111;89,111;75,110;73,109;73,108
swipe → now [now:1.19 notes:2.34 note:2.45] start=n prev=worries n=22 321,184;353,146;363,127;368,112;373,100;376,90;378,83;378,81;371,83;359,85;337,85;304,82;259,77;213,76;172,77;142,84;117,88;96,90;80,90;70,90;67,92;67,93
swipe → worries [worries:2.43 works:2.58 wishes:2.66] start=w prev=actually n=51 55,72;91,87;119,88;155,87;200,80;250,75;294,74;323,74;337,77;344,78;350,78;356,78;360,78;365,78;352,78;330,74;300,65;268,58;237,54;202,52;163,53;132,57;117,62;117,64;119,65;123,66;132,70;147,74;172,78;205,82;244,87;273,92;284,101;290,107;294,111;295,113;294,114;291,116;288,118;281,122;269,127;249,134;221,139;190,141;160,141;133,141;108,141;89,141;77,142;73,144;73,144
swipe → actually [actually:1.31 annually:2.97 affidavit:2.98] start=a prev=it n=60 58,110;81,132;101,141;127,151;159,162;191,173;211,181;216,183;214,176;212,162;209,138;208,109;208,86;212,77;215,76;221,77;231,81;244,86;260,91;271,95;273,98;272,100;265,101;257,104;247,107;234,111;214,115;184,121;150,127;117,131;88,132;72,132;69,132;73,132;81,135;98,137;122,137;152,137;188,135;230,131;284,128;334,127;352,132;355,140;359,144;364,146;367,146;368,140;368,134;367,131;364,130;357,128;347,125;330,115;303,96;271,73;248,60;240,58;237,58;236,59
swipe → it [it:1.35 I'd:1.99 if:2.13] start=u prev=of n=9 306,80;261,89;233,89;199,89;173,89;158,89;155,91;154,96;154,96
swipe → of [of:1.03 odd:1.33 I'd:1.39] start=i prev=set n=13 347,86;316,89;302,89;285,92;262,98;235,107;205,116;179,125;159,130;147,133;144,135;143,139;143,139
swipe → set [set:2.15 sewer:2.41 sweet:2.64] start=s prev=abs n=8 86,132;99,115;109,102;122,88;137,72;157,55;167,49;167,49
swipe → abs [abs:1.43 and:1.75 adhd:2.66] start=a prev=feature n=21 54,122;85,147;112,154;142,159;177,161;211,165;241,170;258,175;260,179;256,181;253,181;250,181;243,181;232,177;215,172;190,165;158,155;128,145;108,137;103,134;104,134
swipe → feature [feature:1.75 features:2.18 fraud:2.28] start=f prev=test n=52 189,122;165,111;151,104;134,93;118,81;105,74;97,73;91,74;86,79;80,84;72,89;64,95;57,100;54,105;54,112;59,120;71,128;89,131;111,132;134,128;154,120;168,111;174,105;175,100;175,92;175,84;176,80;178,79;185,79;200,79;222,79;246,77;259,76;254,77;248,78;236,79;213,79;190,79;174,80;165,85;162,88;161,90;157,92;152,93;145,93;135,93;122,93;113,93;111,93;115,95;120,98;120,98
swipe → test [test:1.16 text:1.39 treat:1.52] start=t prev=to n=34 213,72;197,75;190,76;182,78;169,78;152,78;132,75;116,72;106,71;103,71;103,73;103,76;102,80;102,89;102,106;107,126;115,144;124,158;131,166;135,169;138,169;140,165;142,161;144,152;147,139;150,124;154,108;158,93;164,81;170,70;177,63;186,58;192,57;192,57
swipe → to [to:0.79 top:1.38 too:1.52] start=t prev=site n=16 193,84;225,90;236,93;246,96;259,98;283,98;318,97;342,95;352,95;359,95;368,97;376,100;384,101;389,102;392,98;392,98
swipe → site [site:1.44 store:1.54 swore:2.00] start=s prev=this n=48 108,135;91,127;84,116;77,103;69,90;62,80;58,76;61,75;67,75;83,75;110,73;143,73;180,74;219,79;261,83;297,85;319,86;326,86;329,86;335,86;343,85;354,85;366,85;378,85;388,85;394,85;397,85;394,84;388,85;378,87;362,87;341,83;318,76;295,73;273,73;253,73;230,71;198,66;163,65;139,65;127,68;119,71;112,73;104,74;96,75;89,75;88,78;88,78
swipe → this [this:1.01 thus:1.78 tits:1.92] start=t prev=terry n=31 209,72;241,101;257,113;272,124;284,132;294,134;301,131;305,118;307,101;309,84;311,76;313,75;315,75;317,78;317,83;307,91;293,99;279,103;261,106;240,108;217,113;197,118;179,124;162,128;142,132;120,135;100,137;86,138;82,138;82,141;82,141
swipe → terry [terry:2.46 try:2.48 teeth:2.64] start=t prev=legs n=22 209,62;186,63;172,64;156,64;140,66;126,71;117,78;112,84;111,88;112,90;120,90;134,90;152,90;176,87;204,82;234,80;260,80;274,81;279,85;281,90;283,92;284,92
swipe → legs [legs:1.90 let's:1.92 letters:2.00] start=l prev=okay n=44 391,135;366,136;353,136;335,136;317,136;301,135;286,133;267,129;243,123;216,117;192,114;172,110;152,107;132,103;115,100;105,97;103,96;108,95;112,94;121,93;137,92;158,91;183,88;210,84;232,81;240,81;237,82;235,84;231,86;227,88;219,92;209,99;197,108;187,116;175,125;164,132;149,139;131,144;110,147;92,150;84,153;84,157;86,160;86,160
swipe → okay [okay:1.27 pay:2.09 party:2.13] start=o prev=<s> n=31 370,65;364,95;359,110;354,122;351,129;349,130;346,130;338,127;323,122;303,116;276,111;246,109;216,109;188,114;161,121;132,126;103,130;77,131;55,131;45,127;48,125;51,125;56,125;66,123;83,117;109,110;144,105;189,102;237,99;264,97;264,97
swipe → bow [bow:1.80 now:1.93 blow:2.59] start=b prev=works n=26 276,188;295,168;311,144;330,123;343,107;348,98;349,93;351,89;351,87;346,86;336,86;321,87;298,87;263,87;226,86;188,86;153,87;124,92;101,96;86,97;74,97;66,93;61,89;60,86;60,84;60,84
swipe → works [works:1.88 wishes:2.11 worries:2.17] start=w prev=advisor n=42 67,80;106,82;136,79;177,74;223,74;272,80;312,92;330,101;333,106;323,105;308,97;284,85;251,74;217,67;181,65;149,65;129,67;126,70;130,71;138,75;152,79;176,82;207,87;242,95;272,105;283,115;283,123;282,125;278,126;273,127;263,128;250,130;237,132;222,136;204,139;181,142;155,142;129,142;109,142;101,141;104,138;104,138
swipe → advisor [advisor:2.79 audit:2.82 architecture:2.87] start=a prev=it n=51 57,120;93,139;121,151;151,162;180,171;201,174;209,174;212,167;213,154;213,137;207,118;196,98;186,81;184,77;193,81;209,86;233,92;265,93;292,93;301,93;299,92;288,90;272,86;248,80;213,79;177,91;149,107;127,121;108,130;92,134;80,135;72,135;76,134;94,134;124,133;161,131;203,131;245,132;285,134;317,137;333,142;336,147;330,143;322,138;311,132;291,125;262,112;228,97;190,82;158,72;158,72
swipe → it [it:1.61 if:2.59 utter:3.23] start=u prev=id n=10 304,83;274,86;252,83;227,79;203,77;187,77;180,79;178,82;175,88;175,88
swipe → I'd [I'd:0.77 id:0.95 is:1.19] start=i prev=set n=13 330,76;309,85;296,91;278,97;252,103;223,108;195,113;168,117;149,123;140,128;138,131;138,133;138,133
swipe → set [set:2.11 sewer:2.37 at:2.50] start=s prev=and n=9 79,138;93,115;107,98;124,79;141,61;155,47;162,42;164,42;164,42
swipe → and [and:0.84 abs:1.77 sans:2.81] start=a prev=features n=23 58,129;94,141;117,147;146,159;182,176;213,192;240,203;261,208;274,209;278,209;278,206;274,204;264,199;245,191;220,180;193,171;166,162;138,154;115,146;109,144;116,145;121,145;121,145
swipe → features [features:1.99 feature:2.31 fats:2.66] start=f prev=text n=43 189,123;158,104;136,94;114,88;98,87;87,91;77,100;69,109;62,117;55,124;50,128;56,130;69,131;91,130;120,119;151,106;181,93;195,86;193,86;189,87;183,87;176,86;173,85;179,84;193,88;213,91;238,92;252,92;246,92;236,92;217,92;188,87;162,85;146,84;140,84;138,84;130,89;119,94;109,99;99,101;89,102;83,102;83,102
swipe → text [text:1.10 test:1.35 treat:1.43] start=t prev=to n=26 189,81;164,80;147,78;130,78;117,78;110,80;107,84;106,90;103,98;99,112;96,129;96,146;103,163;114,176;124,184;129,188;131,185;132,181;134,173;139,160;147,143;162,123;183,101;204,84;216,76;217,76
swipe → to [to:0.40 too:1.13 top:1.24] start=t prev=site n=13 186,69;220,78;247,81;285,81;316,81;333,81;341,84;349,85;359,86;369,87;378,88;382,88;382,88
swipe → site [site:1.01 store:1.09 swore:1.69] start=s prev=this n=38 93,126;91,112;84,99;76,85;69,74;66,69;69,68;86,68;116,68;157,68;202,69;246,77;288,88;315,99;326,103;334,103;347,103;359,101;370,100;379,99;385,99;388,99;379,100;362,99;337,93;312,88;291,86;271,85;248,84;215,80;168,77;127,77;104,77;99,80;99,82;100,87;103,90;103,90
swipe → this [this:0.66 toys:1.75 toss:1.77] start=t prev=try n=24 190,67;223,95;241,105;259,114;274,120;284,123;291,123;298,115;308,99;317,78;322,66;316,69;304,76;284,90;260,106;234,118;201,126;168,131;143,132;125,132;118,132;116,133;114,135;113,135
swipe → try [try:3.05 teeth:3.12 terry:3.14] start=y prev=keys n=20 226,66;179,75;158,78;140,81;127,85;121,88;120,90;124,91;133,88;149,86;168,84;186,84;203,85;222,89;243,92;267,93;285,93;290,91;292,90;294,90
swipe → keys [keys:1.96 let's:2.17 legs:2.32] start=k prev=okay n=34 363,131;337,132;316,129;287,120;256,110;227,104;198,102;170,102;144,102;124,100;112,92;108,85;108,82;112,81;126,81;147,81;167,81;181,81;189,85;193,90;195,97;196,104;196,109;196,113;189,117;170,122;143,128;115,133;95,138;87,142;86,144;86,146;86,148;86,148
swipe → okay [okay:1.90 play:2.55 pay:2.56] start=o prev=<s> n=37 379,65;373,84;373,98;370,111;367,121;365,125;363,125;359,125;352,124;345,124;337,124;327,125;314,127;294,128;264,128;228,122;189,117;151,115;122,115;104,120;94,125;86,127;78,129;69,130;63,131;60,131;62,130;71,125;86,118;107,112;132,110;159,110;188,110;218,109;254,99;290,85;290,85
