swipe → word [word:2.42 weird:2.61 wood:2.77] start=w prev=sword n=23 61,84;95,83;128,83;174,83;229,83;283,85;327,87;356,87;362,87;353,87;332,88;295,89;245,91;204,91;176,90;162,88;159,86;159,91;152,109;142,129;135,147;132,161;132,163
swipe → sword [sword:3.10 said:3.46 stuff:3.47] start=s prev=next n=41 88,128;78,112;75,109;72,103;69,90;64,69;58,49;54,36;52,30;51,33;54,38;65,46;82,57;108,68;142,78;186,84;231,85;276,85;317,82;349,80;367,80;371,81;367,82;355,83;337,83;316,83;289,81;256,78;225,76;196,75;167,74;140,72;118,70;106,70;109,70;116,75;128,95;141,120;152,140;158,151;159,151
swipe → next [next:2.32 needy:3.11 net:3.42] start=n prev=the n=21 292,182;263,159;241,144;213,129;184,114;160,102;147,93;143,88;148,110;152,145;154,172;155,187;155,191;155,189;160,179;172,155;188,129;201,110;214,93;223,82;223,82
swipe → the [the:1.83 three:2.43 thee:2.67] start=t prev=aug n=17 200,70;234,95;249,104;263,113;273,119;275,122;271,122;256,121;238,119;214,116;189,113;167,108;151,102;142,92;138,79;138,76;138,76
swipe → aug [aug:3.08 adding:3.17 aging:3.25] start=a prev=upon n=33 40,116;77,122;100,127;121,132;137,136;145,138;149,138;147,136;146,134;146,132;148,130;163,127;189,122;216,115;244,107;269,96;287,87;295,83;290,87;281,103;273,127;267,150;262,170;258,184;256,189;253,180;245,169;236,161;227,156;220,155;213,150;211,148;211,148
swipe → upon [upon:2.37 union:3.27 un:3.90] start=u prev=of n=23 285,84;326,76;360,74;396,71;432,69;438,68;435,64;410,64;385,63;362,63;344,63;334,64;333,68;334,77;336,101;337,136;337,168;331,188;322,200;311,205;300,205;298,204;298,204
swipe → of [of:0.73 off:1.42 og:3.39] start=o prev=interest n=10 384,84;344,87;315,95;283,104;250,112;219,119;194,125;181,129;179,131;180,131
swipe → interest [interest:3.74 if:4.11 internet:4.24] start=i prev=immediately n=40 319,79;311,112;306,137;303,161;301,179;300,185;294,180;282,172;262,161;235,148;198,134;159,125;127,123;104,123;96,123;101,118;118,105;146,87;176,73;199,63;210,60;200,60;173,60;137,64;102,69;73,76;55,82;50,84;53,85;62,90;78,96;99,101;120,107;139,114;153,118;164,120;174,120;189,121;193,121;193,121
swipe → immediately [immediately:3.09 indirectly:3.44 indistinct:3.68] start=i prev=word n=68 335,73;333,106;335,131;336,154;337,169;338,177;332,178;323,178;306,177;280,172;249,163;218,153;189,140;164,127;145,112;133,97;126,82;124,70;124,66;125,73;128,92;130,115;131,132;134,142;138,145;150,144;174,132;206,114;241,96;268,85;281,82;278,82;261,82;226,84;182,86;137,87;94,90;64,93;54,95;59,95;73,95;105,95;148,97;196,101;243,107;284,110;313,111;322,111;315,111;295,109;264,107;236,105;218,103;215,102;217,102;227,101;251,101;283,101;313,101;337,101;344,101;328,99;301,94;272,92;250,90;234,88;226,87;225,86
swipe → word [word:1.50 weird:1.58 wood:1.85] start=w prev=sword n=28 66,80;120,81;161,84;211,85;261,85;303,84;336,82;353,82;342,82;317,86;285,90;251,91;225,90;206,85;194,80;188,76;184,74;181,73;176,73;170,73;164,77;156,87;148,101;142,115;139,126;138,134;138,138;138,138
swipe → sword [sword:2.92 settled:3.22 sid:3.31] start=s prev=each n=38 82,115;75,96;70,91;66,85;63,81;62,79;63,77;71,76;83,75;103,75;133,76;175,82;222,93;269,101;311,104;344,104;361,104;365,104;363,104;353,104;331,104;305,104;277,102;249,98;221,95;194,93;169,92;148,90;131,89;123,87;125,86;128,86;131,89;135,100;141,115;147,127;152,135;152,135
swipe → each [each:2.54 earth:3.74 eh:3.88] start=e prev=after n=24 128,69;101,78;83,88;67,100;57,108;53,113;59,115;69,118;84,124;105,130;127,138;148,150;167,165;181,179;188,186;190,188;195,184;206,174;224,161;246,146;266,132;280,119;282,116;282,116
swipe → after [after:1.86 at:3.18 acer:3.39] start=a prev=storage n=33 52,127;80,125;100,124;126,123;154,123;179,124;193,127;197,129;193,129;191,127;190,122;190,114;190,104;195,94;199,86;202,81;203,79;197,76;191,75;183,73;169,73;151,75;134,81;121,85;113,86;118,86;126,85;136,84;146,83;155,82;163,81;168,81;168,81
swipe → storage [storage:3.05 software:3.14 source:3.28] start=s prev=a n=36 74,132;132,123;178,115;232,109;285,104;325,103;353,102;366,101;354,101;326,101;284,101;233,101;178,101;126,101;88,103;71,104;67,104;70,104;82,107;108,116;135,135;162,158;183,177;194,185;196,186;193,184;185,179;173,170;160,156;148,139;136,121;126,98;119,71;117,53;117,51;117,51
swipe → address [address:2.35 as:2.64 adds:2.67] start=a prev=it n=20 57,118;89,117;112,118;133,118;148,119;154,119;149,119;145,118;141,115;139,113;137,110;136,107;135,105;133,105;127,108;112,115;96,123;84,127;80,129;79,130
swipe → it [it:0.42 iot:2.55 out:3.13] start=i prev=sure n=9 335,83;294,78;267,78;243,78;223,78;208,78;199,78;197,78;197,78
swipe → sure [sure:1.94 she:2.14 ste:2.37] start=s prev=make n=16 84,127;134,120;162,113;190,105;215,98;230,93;235,91;229,90;216,87;191,84;160,82;134,82;114,82;103,84;99,86;99,86
swipe → make [make:2.53 maybe:2.69 mature:3.07] start=m prev=please n=29 348,178;315,169;290,162;258,156;226,152;189,146;150,139;113,129;83,119;61,110;50,105;53,105;73,107;109,114;156,122;207,128;253,130;288,130;308,130;314,130;307,128;283,124;247,118;209,109;174,100;150,93;135,91;133,90;133,90
swipe → please [please:2.90 par:3.07 pear:3.12] start=p prev=lets n=34 398,84;386,113;383,127;380,140;375,148;368,152;358,153;343,153;322,151;298,144;273,133;249,120;227,106;207,93;191,84;177,76;164,72;148,71;126,73;95,87;60,107;36,122;24,129;36,129;56,129;76,125;95,120;112,113;124,104;132,95;135,89;137,85;139,83;140,83
swipe → let's [let's:2.63 letters:2.99 legs:3.01] start=l prev=so n=31 402,122;376,120;357,120;331,120;301,117;267,112;236,106;208,99;186,93;171,90;162,87;156,85;152,84;161,84;179,84;201,83;223,82;242,78;254,75;258,73;251,73;237,74;209,82;170,99;128,120;89,137;69,144;61,147;67,146;71,146;71,146
swipe → so [so:1.36 soo:2.03 sto:2.18] start=s prev=merchant n=13 76,123;108,123;135,119;172,111;216,101;260,91;300,82;332,76;352,75;362,75;368,75;371,75;371,75
swipe → merchant [merchant:3.46 manuscript:3.94 microsoft:4.04] start=m prev=- n=52 347,203;328,196;313,190;293,183;263,174;225,162;179,150;132,138;84,128;46,123;25,122;17,122;25,121;50,118;85,117;127,118;173,123;213,131;245,140;264,148;271,153;271,147;271,132;272,114;277,94;280,78;279,69;266,67;236,66;188,70;139,87;96,106;67,119;55,125;61,125;87,125;125,123;170,119;217,116;265,115;309,115;345,115;366,117;370,119;359,119;331,116;291,106;252,96;225,93;206,93;199,93;199,93
swipe → tired [tired:2.97 tied:3.11 thief:3.11] start=t prev=i n=28 199,71;244,70;275,68;306,65;336,61;362,58;380,57;384,57;378,60;358,65;328,69;297,69;263,69;231,68;200,63;173,59;153,55;140,52;132,51;127,51;127,56;131,70;137,90;143,110;150,125;155,135;158,140;158,140
swipe → web [web:2.91 when:3.33 webb:3.54] start=w prev=weird n=30 65,63;99,70;125,77;156,85;192,92;225,96;252,97;265,97;257,97;236,97;205,97;172,94;146,89;127,84;117,80;114,78;117,78;121,79;130,85;143,98;160,115;182,136;205,156;227,169;247,175;259,178;265,180;267,181;267,184;267,184
swipe → weird [weird:2.37 word:2.60 wired:2.72] start=w prev=that n=24 81,88;104,87;138,87;182,87;227,84;269,80;303,78;324,78;328,79;321,82;300,87;265,92;235,93;208,93;185,91;169,87;161,84;159,81;158,94;149,112;143,127;140,139;140,148;140,148
swipe → that [that:1.49 they:2.42 threat:2.75] start=t prev=after n=25 194,70;226,94;243,110;255,121;263,125;254,125;236,125;207,125;171,124;133,124;97,124;70,124;55,123;51,122;53,120;56,120;63,118;79,115;103,108;133,100;166,89;195,78;215,69;219,67;219,67
swipe → after [after:2.66 at:3.08 art:3.44] start=a prev=slave n=33 38,121;61,124;88,124;120,124;149,124;174,124;193,124;200,124;193,124;186,124;178,120;170,115;162,109;154,102;146,96;140,92;138,90;145,89;164,84;188,80;211,76;225,72;227,70;210,69;184,70;162,70;145,71;137,73;141,74;152,74;170,72;174,72;174,72
swipe → slave [slave:3.40 storage:3.48 software:3.51] start=s prev=a n=38 86,130;125,132;159,133;203,131;251,122;298,109;343,99;375,93;386,92;381,92;361,95;321,101;269,107;210,113;158,116;121,117;94,117;78,116;70,115;68,115;79,121;101,135;129,154;161,173;191,185;207,189;212,189;207,187;191,177;171,160;152,142;137,122;127,102;120,80;117,58;117,38;117,36;117,36
swipe → af [af:2.47 aff:2.57 at:3.19] start=a prev=didnt n=9 39,118;66,117;88,117;115,118;142,121;165,122;178,122;183,122;183,122
swipe → didn't [didn't:2.77 didnt:3.34 doesn't:3.46] start=d prev=it n=34 149,128;182,120;210,112;242,102;275,92;305,84;331,77;348,73;352,73;350,73;332,74;301,81;261,90;222,100;189,108;169,113;163,114;167,114;184,114;210,118;240,125;267,134;287,143;299,148;302,149;292,148;270,141;245,131;223,118;204,101;191,84;186,67;185,62;185,62
swipe → it [it:0.62 iot:2.92 ir:3.01] start=i prev=like n=11 332,75;319,77;297,77;274,77;254,76;236,76;221,76;209,76;199,76;190,80;188,81
swipe → like [like:1.67 luke:2.28 line:2.41] start=l prev=like n=27 388,132;379,107;369,95;356,84;345,73;335,64;328,60;328,63;331,71;339,88;347,107;352,123;355,133;355,139;347,140;332,140;312,134;290,125;265,116;240,108;214,100;189,94;165,88;144,84;130,80;121,76;121,76
swipe → like [like:2.05 life:2.72 looks:2.74] start=l prev=- n=36 396,135;381,120;378,114;375,106;371,95;368,86;365,79;363,73;361,67;360,61;359,56;358,52;357,50;357,54;357,62;356,75;353,92;350,108;348,122;346,130;344,132;342,132;338,132;331,132;321,130;304,126;277,123;245,120;212,118;179,117;151,116;130,114;117,112;108,111;104,107;104,107
swipe → version [version:3.55 vision:3.78 verb:3.99] start=v prev=at n=46 228,186;208,158;193,143;176,126;158,110;143,97;133,89;129,86;129,82;136,80;150,78;175,78;205,78;233,79;254,79;263,79;260,77;243,77;212,79;179,85;149,93;121,105;101,115;94,120;96,121;100,121;110,121;131,121;163,121;198,116;235,107;275,97;312,90;346,87;366,87;373,89;373,92;367,96;358,104;339,122;315,146;293,168;278,183;271,197;271,202;271,202
swipe → at [at:1.89 ay:2.17 art:2.30] start=a prev=yang n=13 37,138;60,128;73,123;93,116;117,107;143,97;171,89;196,81;215,76;224,75;226,75;225,76;225,76
swipe → yang [yang:4.32 texting:4.67 testing:4.71] start=y prev=store n=47 226,78;196,77;180,77;163,77;146,76;131,71;120,68;113,66;115,69;116,77;117,96;117,123;117,150;117,169;118,181;120,183;123,182;125,177;130,164;136,141;141,120;146,105;151,96;155,93;158,93;164,95;173,97;187,97;207,97;231,90;257,81;279,70;293,61;301,57;302,60;295,75;284,105;278,127;275,143;275,151;271,149;259,143;243,134;228,125;214,116;211,114;211,114
swipe → store [store:2.36 site:2.60 sore:2.87] start=s prev=test n=40 103,124;89,110;87,103;86,96;85,91;85,87;92,85;101,84;112,84;125,84;141,84;164,84;193,84;226,85;261,85;295,85;328,85;355,85;375,85;389,85;396,84;398,82;393,79;375,77;340,75;307,74;278,74;252,73;235,72;224,70;217,68;207,66;195,64;178,63;160,63;141,63;123,63;108,66;98,68;98,68
swipe → test [test:1.59 treat:2.22 text:2.42] start=t prev=lets n=18 190,74;168,70;155,74;138,83;120,94;104,106;91,116;85,123;98,120;116,112;136,101;156,92;173,85;185,81;192,79;197,77;200,76;201,75
swipe → let's [let's:1.81 lets:2.21 legs:2.26] start=l prev=<s> n=29 395,123;365,123;342,121;309,116;266,107;226,102;192,99;162,96;142,94;129,94;121,94;116,94;116,89;126,86;143,81;170,75;197,69;211,67;211,72;206,77;198,84;183,94;160,108;138,122;122,131;111,138;103,143;97,146;97,147
swipe → ir [ir:1.96 it:2.36 or:2.79] start=i prev=like n=12 339,69;311,72;297,72;276,72;250,72;220,72;192,72;170,73;159,74;157,77;157,80;157,80
swipe → like [like:2.48 life:2.99 kite:3.01] start=k prev=looks n=25 376,127;349,109;338,96;333,85;331,79;331,76;328,75;325,76;321,85;316,101;314,114;314,122;314,125;308,126;299,126;287,126;273,126;252,125;225,119;192,107;158,92;129,75;114,67;112,69;112,69
swipe → looks [looks:1.86 loss:1.99 los:2.02] start=l prev=- n=32 400,136;394,114;388,97;381,79;375,66;373,61;370,60;367,63;362,71;358,79;356,86;354,92;353,96;351,99;348,102;344,105;338,109;331,113;320,116;305,119;283,121;251,122;212,121;174,115;142,109;117,106;102,106;95,108;92,112;91,116;91,120;91,120
swipe → au [au:1.69 asu:2.00 ay:2.85] start=a prev=texting n=11 38,134;68,126;100,115;139,106;179,99;211,97;235,96;256,92;274,87;277,86;277,86
swipe → texting [texting:3.27 testing:3.40 trading:3.45] start=t prev=swore n=43 213,77;194,85;177,88;149,88;120,86;105,84;100,83;101,92;103,117;111,148;123,173;136,188;143,192;145,191;146,188;147,182;148,169;149,147;153,117;160,93;167,81;173,79;183,79;200,80;222,84;250,86;281,86;310,86;324,84;321,84;318,86;312,101;297,137;282,170;277,181;272,179;259,170;234,147;211,124;203,119;195,118;193,118;193,118
swipe → swore [swore:2.64 site:2.73 store:2.86] start=s prev=test n=48 83,122;82,133;77,132;70,126;62,117;56,105;52,94;52,85;52,78;53,75;56,75;61,75;78,74;113,72;156,72;198,73;234,79;263,84;280,88;290,91;299,92;311,92;331,92;356,92;376,92;388,92;390,92;383,91;373,85;360,79;349,77;341,77;334,77;327,79;319,80;305,81;284,82;259,86;241,92;227,98;216,103;204,107;189,109;165,109;134,105;105,97;92,91;92,90
swipe → test [test:1.78 treat:2.42 text:2.67] start=t prev=lets n=25 216,76;199,77;189,79;173,80;151,80;127,80;113,80;109,80;108,85;106,91;101,100;94,114;89,124;87,130;91,131;103,124;123,110;147,96;167,86;179,81;185,80;189,80;196,81;198,81;198,81
swipe → let's [let's:2.80 legs:3.00 letters:3.09] start=l prev=oahu n=33 397,118;367,118;344,118;308,112;263,105;226,101;199,99;179,96;163,94;148,92;131,88;113,84;97,81;89,80;92,80;99,79;117,78;148,78;183,78;211,81;225,88;226,94;225,98;221,101;215,104;204,108;179,113;147,121;126,130;114,138;111,144;110,147;110,149
swipe → oahu [oahu:3.39 peru:4.86 patti:5.14] start=o prev=<s> n=34 380,63;359,108;349,127;342,137;338,142;336,145;334,146;329,146;320,146;299,140;269,133;244,131;226,131;210,131;190,132;165,132;135,131;104,128;81,128;71,128;66,131;62,134;58,136;57,137;61,132;82,120;117,104;156,91;194,85;225,85;250,87;276,87;297,87;297,87
swipe → ti [ti:3.16 took:3.76 think:3.83] start=t prev=oahu n=12 199,68;210,77;216,83;226,90;237,95;249,99;265,102;285,106;306,108;326,111;330,112;330,112
swipe → oahu [oahu:4.05 psi:4.38 patti:4.80] start=o prev=<s> n=28 383,62;364,77;351,89;333,103;316,116;299,127;280,136;260,142;239,144;215,144;186,138;157,131;134,125;114,121;102,120;96,120;92,121;90,122;96,113;125,99;169,87;207,84;234,84;257,87;280,88;303,88;309,88;309,88
